0.000010 0.000010 0.589906 0.410074
0.000010 0.000010 0.000010 0.999970
0.000010 0.000010 0.999970 0.000010
0.114180 0.885800 0.000010 0.000010
0.224484 0.133308 0.253732 0.388476
0.220915 0.087768 0.305748 0.385569
0.001743 0.000010 0.000010 0.998237
0.000013 0.000010 0.000010 0.999967
0.449164 0.422290 0.128537 0.000010
0.999970 0.000010 0.000010 0.000010
0.030149 0.000010 0.000010 0.969831
0.281016 0.054030 0.417001 0.247953
0.239385 0.201163 0.356848 0.202604
0.000010 0.000010 0.667791 0.332189
0.000010 0.000010 0.000010 0.999970
0.177154 0.022020 0.304540 0.496286
0.009090 0.000010 0.000010 0.990890
0.064414 0.025141 0.312143 0.598302
0.000010 0.000010 0.493119 0.506861
0.100787 0.191643 0.707560 0.000010
0.039880 0.022142 0.367206 0.570772
0.254363 0.081396 0.379610 0.284630
0.000010 0.000010 0.000010 0.999970
0.153619 0.023760 0.539176 0.283446
0.243399 0.577233 0.000010 0.179358
0.204328 0.547808 0.002069 0.245795
0.000010 0.000010 0.000010 0.999970
0.017036 0.030299 0.000010 0.952656
0.471012 0.260757 0.011223 0.257008
0.110671 0.428685 0.346866 0.113778
0.469011 0.530969 0.000010 0.000010
0.022417 0.000010 0.000010 0.977563
0.331380 0.000010 0.387882 0.280728
0.051846 0.100111 0.809405 0.038639
0.198853 0.801127 0.000010 0.000010
0.000010 0.644090 0.192956 0.162943
0.345616 0.654364 0.000010 0.000010
0.000010 0.000010 0.000010 0.999970
0.058492 0.474118 0.467380 0.000010
0.000010 0.000010 0.000010 0.999970
0.999970 0.000010 0.000010 0.000010
0.021083 0.003950 0.012739 0.962228
0.000010 0.000010 0.630192 0.369788
0.023121 0.011789 0.000010 0.965079
0.999970 0.000010 0.000010 0.000010
0.000010 0.999970 0.000010 0.000010
0.120217 0.012229 0.000010 0.867544
0.029028 0.000010 0.034846 0.936116
0.749043 0.000010 0.000010 0.250937
0.000010 0.984119 0.000010 0.015861
0.000010 0.999970 0.000010 0.000010
0.000010 0.000010 0.000010 0.999970
0.651588 0.148566 0.019173 0.180673
0.106492 0.893488 0.000010 0.000010
0.233282 0.470839 0.000010 0.295869
0.031527 0.379419 0.589044 0.000010
0.193231 0.778202 0.028557 0.000010
0.313340 0.004334 0.395710 0.286617
0.000010 0.106726 0.893254 0.000010
0.079767 0.478893 0.432102 0.009238
0.196026 0.090353 0.322765 0.390856
0.000010 0.227599 0.762912 0.009479
0.000010 0.000010 0.000010 0.999970
0.395924 0.604056 0.000010 0.000010
0.099292 0.433619 0.394808 0.072281
0.131028 0.006879 0.000010 0.862083
0.000010 0.000010 0.000010 0.999970
0.101095 0.000010 0.145034 0.753861
0.045890 0.000010 0.018124 0.935976
0.000010 0.000010 0.645162 0.354818
0.080659 0.000010 0.490278 0.429052
0.187711 0.292028 0.317862 0.202400
0.152689 0.547605 0.116020 0.183686
0.000010 0.008646 0.000010 0.991334
0.027986 0.025172 0.309991 0.636851
0.000010 0.000010 0.000010 0.999970
0.328541 0.671439 0.000010 0.000010
0.084827 0.905599 0.000010 0.009564
0.218056 0.000010 0.263501 0.518433
0.005690 0.000010 0.000010 0.994290
0.106271 0.465132 0.428587 0.000010
0.093806 0.589045 0.126769 0.190380
0.000010 0.000010 0.999970 0.000010
0.060605 0.222855 0.716529 0.000010
0.111114 0.066512 0.239246 0.583128
0.000010 0.971455 0.004009 0.024526
0.038959 0.580386 0.380645 0.000010
0.045211 0.000010 0.000010 0.954769
0.021759 0.695440 0.237592 0.045209
0.761816 0.177416 0.000010 0.060758
0.000010 0.000010 0.000010 0.999970
0.056913 0.887781 0.055295 0.000010
0.620926 0.307117 0.010040 0.061917
0.030580 0.636443 0.110051 0.222926
0.000010 0.999970 0.000010 0.000010
0.046979 0.000010 0.000010 0.953001
0.000856 0.000010 0.000010 0.999124
0.723636 0.000010 0.000010 0.276344
0.000010 0.999970 0.000010 0.000010
0.000010 0.999970 0.000010 0.000010
0.000010 0.000010 0.000010 0.999970
0.103893 0.673463 0.222633 0.000010
0.000010 0.638186 0.336963 0.024841
0.057763 0.839915 0.087707 0.014614
0.429799 0.474737 0.019415 0.076048
0.000010 0.999970 0.000010 0.000010
0.169356 0.064598 0.633967 0.132079
0.323752 0.488583 0.187654 0.000010
0.000010 0.828706 0.159242 0.012041
0.073509 0.926471 0.000010 0.000010
0.070765 0.577451 0.348241 0.003543
0.303991 0.480676 0.215322 0.000010
0.085913 0.830126 0.068311 0.015650
0.029024 0.230001 0.685913 0.055062
0.000010 0.976215 0.018999 0.004776
0.015677 0.984303 0.000010 0.000010
0.000010 0.511403 0.488577 0.000010
0.103325 0.088414 0.000010 0.808250
0.082700 0.481169 0.332914 0.103217
0.033046 0.966934 0.000010 0.000010
0.000010 0.000010 0.000010 0.999970
0.000010 0.090661 0.909319 0.000010
0.121937 0.878043 0.000010 0.000010
0.407707 0.589461 0.002822 0.000010
0.023872 0.028607 0.000010 0.947511
0.912245 0.087735 0.000010 0.000010
0.506223 0.008027 0.000010 0.485740
0.010499 0.000010 0.000010 0.989481
0.107754 0.252580 0.639655 0.000010
0.184572 0.533235 0.146993 0.135199
0.769191 0.055733 0.000010 0.175066
0.000010 0.017029 0.000010 0.982951
0.182628 0.232052 0.552187 0.033133
0.000010 0.000010 0.000010 0.999970
0.091268 0.359427 0.456661 0.092644
0.233275 0.005218 0.498337 0.263170
0.294661 0.056933 0.369480 0.278926
0.055783 0.064485 0.368868 0.510864
0.000010 0.000010 0.000010 0.999970
0.000010 0.000010 0.654413 0.345567
0.000010 0.999970 0.000010 0.000010
0.462291 0.537689 0.000010 0.000010
0.000010 0.000010 0.016622 0.983358
0.074185 0.019164 0.000010 0.906641
0.095328 0.400178 0.320496 0.183998
0.000010 0.000010 0.000010 0.999970
0.309112 0.690868 0.000010 0.000010
0.999970 0.000010 0.000010 0.000010
0.078182 0.428569 0.493239 0.000010
0.000010 0.000010 0.000010 0.999970
0.003179 0.517234 0.469049 0.010538
0.000010 0.000010 0.000010 0.999970
0.000010 0.000010 0.000010 0.999970
0.060762 0.422012 0.517215 0.000010
0.000010 0.000010 0.000010 0.999970
0.046703 0.744962 0.154092 0.054244
0.000010 0.993600 0.006380 0.000010
0.000010 0.000010 0.000010 0.999970
0.125284 0.874696 0.000010 0.000010
0.999970 0.000010 0.000010 0.000010
0.000010 0.000015 0.000010 0.999965
0.000010 0.087742 0.391165 0.521083
0.000010 0.010517 0.151250 0.838223
0.000010 0.087509 0.403712 0.508769
0.000010 0.003538 0.141917 0.854535
