0.000000000000000000e+00 5.000000000000000000e+00 8.000000000000000000e+00 9.000000000000000000e+00 1.000000000000000000e+01 1.200000000000000000e+01 1.300000000000000000e+01
5.000000000000000000e+00 0.000000000000000000e+00 9.074087489709747878e-01 9.950429231727564439e-01 9.899020228146816480e-01 1.051019861144864898e+00 1.098284624902236217e+00
8.000000000000000000e+00 9.074087489709747878e-01 0.000000000000000000e+00 8.598758142619191691e-01 8.420954012303930591e-01 9.410493848076249002e-01 9.997755761184485834e-01
9.000000000000000000e+00 9.950429231727564439e-01 8.598758142619191691e-01 0.000000000000000000e+00 7.367533099004982544e-01 8.325515395079285952e-01 9.235979210918028315e-01
1.000000000000000000e+01 9.899020228146816480e-01 8.420954012303930591e-01 7.367533099004982544e-01 0.000000000000000000e+00 8.411962598445161809e-01 9.284687403438831588e-01
1.200000000000000000e+01 1.051019861144864898e+00 9.410493848076249002e-01 8.325515395079285952e-01 8.411962598445161809e-01 0.000000000000000000e+00 8.193425747894291788e-01
1.300000000000000000e+01 1.098284624902236217e+00 9.997755761184485834e-01 9.235979210918028315e-01 9.284687403438831588e-01 8.193425747894291788e-01 0.000000000000000000e+00
