0.000000000000000000e+00 5.000000000000000000e+00 8.000000000000000000e+00 9.000000000000000000e+00 1.000000000000000000e+01 1.200000000000000000e+01 1.300000000000000000e+01
5.000000000000000000e+00 0.000000000000000000e+00 4.754116124743664074e+00 5.081258006436822683e+00 4.892618087285687700e+00 5.862769591098643041e+00 6.136903048485828904e+00
8.000000000000000000e+00 4.754116124743664074e+00 0.000000000000000000e+00 3.754043318368253779e+00 3.486417936414128782e+00 4.793189033592306636e+00 5.164393054788479986e+00
9.000000000000000000e+00 5.081258006436822683e+00 3.754043318368253779e+00 0.000000000000000000e+00 1.706595626249820974e+00 3.300971049217150899e+00 3.899615883037016673e+00
1.000000000000000000e+01 4.892618087285687700e+00 3.486417936414128782e+00 1.706595626249820974e+00 0.000000000000000000e+00 3.186843622217211625e+00 3.774685683077413145e+00
1.200000000000000000e+01 5.862769591098643041e+00 4.793189033592306636e+00 3.300971049217150899e+00 3.186843622217211625e+00 0.000000000000000000e+00 2.982847468824839865e+00
1.300000000000000000e+01 6.136903048485828904e+00 5.164393054788479986e+00 3.899615883037016673e+00 3.774685683077413145e+00 2.982847468824839865e+00 0.000000000000000000e+00
