0.000000000000000000e+00 5.000000000000000000e+00 8.000000000000000000e+00 9.000000000000000000e+00 1.000000000000000000e+01 1.200000000000000000e+01 1.300000000000000000e+01
5.000000000000000000e+00 0.000000000000000000e+00 1.066017973849640921e+00 1.264733533435483448e+00 1.269843464971177172e+00 1.428269304949617124e+00 1.571028858839460085e+00
8.000000000000000000e+00 1.066017973849640921e+00 0.000000000000000000e+00 9.120185519152079756e-01 9.028243099593333820e-01 1.089236530582461837e+00 1.240276826925944320e+00
9.000000000000000000e+00 1.264733533435483448e+00 9.120185519152079756e-01 0.000000000000000000e+00 7.479433719409496195e-01 8.760264677342461948e-01 1.047169711998130914e+00
1.000000000000000000e+01 1.269843464971177172e+00 9.028243099593333820e-01 7.479433719409496195e-01 0.000000000000000000e+00 9.198330585019272032e-01 1.099778063749136781e+00
1.200000000000000000e+01 1.428269304949617124e+00 1.089236530582461837e+00 8.760264677342461948e-01 9.198330585019272032e-01 0.000000000000000000e+00 8.754804392494093257e-01
1.300000000000000000e+01 1.571028858839460085e+00 1.240276826925944320e+00 1.047169711998130914e+00 1.099778063749136781e+00 8.754804392494093257e-01 0.000000000000000000e+00
