0.000000000000000000e+00 5.000000000000000000e+00 8.000000000000000000e+00 9.000000000000000000e+00 1.000000000000000000e+01 1.200000000000000000e+01 1.300000000000000000e+01
5.000000000000000000e+00 0.000000000000000000e+00 1.033940815243711731e+00 1.215747085724665277e+00 1.214574339743294651e+00 1.364590242545518972e+00 1.490668150698559291e+00
8.000000000000000000e+00 1.033940815243711731e+00 0.000000000000000000e+00 9.008538433858894745e-01 8.859697961284478396e-01 1.063300580192153788e+00 1.197743273621836746e+00
9.000000000000000000e+00 1.215747085724665277e+00 9.008538433858894745e-01 0.000000000000000000e+00 7.454607693803811941e-01 8.688078030791701600e-01 1.024561132681432341e+00
1.000000000000000000e+01 1.214574339743294651e+00 8.859697961284478396e-01 7.454607693803811941e-01 0.000000000000000000e+00 9.073195936725331201e-01 1.071427604624584529e+00
1.200000000000000000e+01 1.364590242545518972e+00 1.063300580192153788e+00 8.688078030791701600e-01 9.073195936725331201e-01 0.000000000000000000e+00 8.636378690399708624e-01
1.300000000000000000e+01 1.490668150698559291e+00 1.197743273621836746e+00 1.024561132681432341e+00 1.071427604624584529e+00 8.636378690399708624e-01 0.000000000000000000e+00
