0.000010 0.587211 0.412779
0.000010 0.000010 0.999980
0.000010 0.999980 0.000010
0.999980 0.000010 0.000010
0.313438 0.257205 0.429357
0.266899 0.307002 0.426100
0.000010 0.000010 0.999980
0.000010 0.000010 0.999980
0.813689 0.144403 0.041907
0.803173 0.000010 0.196817
0.011235 0.000010 0.988755
0.277616 0.414333 0.308051
0.400620 0.358345 0.241035
0.000010 0.664748 0.335242
0.000010 0.000010 0.999980
0.161516 0.304540 0.533944
0.000010 0.000010 0.999980
0.070599 0.312739 0.616662
0.000010 0.491650 0.508340
0.282279 0.717711 0.000010
0.051603 0.368110 0.580287
0.282923 0.381100 0.335976
0.000010 0.000010 0.999980
0.139293 0.543329 0.317378
0.787914 0.000010 0.212076
0.725589 0.005261 0.269150
0.000010 0.000010 0.999980
0.042266 0.000010 0.957724
0.643212 0.015380 0.341408
0.528640 0.349115 0.122245
0.944806 0.000010 0.055184
0.016299 0.000010 0.983691
0.265147 0.388998 0.345855
0.142820 0.810122 0.047058
0.999978 0.000012 0.000010
0.642879 0.212353 0.144768
0.976054 0.000010 0.023936
0.000010 0.000010 0.999980
0.535601 0.464389 0.000010
0.000010 0.000010 0.999980
0.831121 0.000010 0.168869
0.018447 0.012551 0.969002
0.000010 0.628944 0.371046
0.028383 0.000010 0.971607
0.780993 0.000010 0.218997
0.999980 0.000010 0.000010
0.105450 0.000010 0.894540
0.020023 0.036629 0.943348
0.612460 0.000010 0.387530
0.999980 0.000010 0.000010
0.999980 0.000010 0.000010
0.000010 0.000010 0.999980
0.666818 0.017781 0.315401
0.999980 0.000010 0.000010
0.670483 0.000010 0.329507
0.414567 0.585423 0.000010
0.954206 0.043258 0.002535
0.259165 0.393823 0.347012
0.106636 0.893354 0.000010
0.556738 0.433152 0.010110
0.248915 0.324493 0.426592
0.227309 0.769343 0.003348
0.000010 0.000010 0.999980
0.998822 0.000010 0.001168
0.526162 0.395220 0.078618
0.100386 0.000010 0.899604
0.000010 0.000010 0.999980
0.056678 0.156573 0.786750
0.022360 0.026671 0.950968
0.000010 0.640625 0.359365
0.056026 0.494851 0.449123
0.449621 0.320785 0.229594
0.684845 0.118548 0.196607
0.005733 0.000010 0.994257
0.044419 0.309475 0.646106
0.000010 0.000010 0.999980
0.999980 0.000010 0.000010
0.989607 0.000010 0.010383
0.166338 0.269178 0.564483
0.000010 0.000010 0.999980
0.565763 0.434227 0.000010
0.678403 0.132392 0.189205
0.000010 0.999980 0.000010
0.278773 0.721217 0.000010
0.155286 0.240306 0.604408
0.970564 0.029426 0.000010
0.622376 0.377614 0.000010
0.026520 0.000010 0.973470
0.726932 0.240587 0.032481
0.798993 0.000010 0.200997
0.000010 0.000010 0.999980
0.943363 0.056627 0.000010
0.820038 0.008267 0.171695
0.676826 0.112288 0.210886
0.999980 0.000010 0.000010
0.021848 0.000010 0.978142
0.000010 0.000010 0.999980
0.555869 0.000010 0.444121
0.999980 0.000010 0.000010
0.999980 0.000010 0.000010
0.000010 0.000010 0.999980
0.775668 0.224322 0.000010
0.648691 0.343691 0.007618
0.899969 0.094462 0.005569
0.836528 0.021154 0.142319
0.997226 0.002764 0.000010
0.202676 0.635466 0.161857
0.778243 0.218557 0.003200
0.838884 0.161106 0.000010
0.999980 0.000010 0.000010
0.648108 0.351247 0.000645
0.754995 0.244995 0.000010
0.915417 0.074680 0.009903
0.258837 0.688807 0.052356
0.971257 0.028733 0.000010
0.999980 0.000010 0.000010
0.511105 0.488885 0.000010
0.169545 0.000010 0.830445
0.561393 0.333998 0.104610
0.999980 0.000010 0.000010
0.000010 0.000010 0.999980
0.082716 0.917274 0.000010
0.999980 0.000010 0.000010
0.943552 0.022599 0.033849
0.045071 0.000010 0.954919
0.845365 0.000010 0.154625
0.408347 0.000010 0.591643
0.000010 0.000010 0.999980
0.352217 0.647773 0.000010
0.696483 0.149142 0.154375
0.681119 0.000010 0.318871
0.015828 0.000010 0.984162
0.385359 0.553629 0.061012
0.000010 0.000010 0.999980
0.442253 0.459865 0.097882
0.193519 0.494687 0.311794
0.293432 0.366024 0.340545
0.106312 0.370367 0.523321
0.000010 0.000010 0.999980
0.000010 0.651346 0.348644
0.999980 0.000010 0.000010
0.979046 0.000010 0.020944
0.000010 0.018044 0.981946
0.076644 0.000010 0.923346
0.485896 0.324502 0.189602
0.000010 0.000010 0.999980
0.999980 0.000010 0.000010
0.818534 0.000010 0.181456
0.504578 0.495412 0.000010
0.000010 0.000010 0.999980
0.533087 0.466903 0.000010
0.000010 0.000010 0.999980
0.000010 0.000010 0.999980
0.481418 0.518572 0.000010
0.000010 0.000010 0.999980
0.798400 0.157828 0.043772
0.999975 0.000015 0.000010
0.000010 0.000010 0.999980
0.999980 0.000010 0.000010
0.820943 0.000010 0.179047
0.000010 0.000010 0.999980
0.082332 0.402064 0.515604
0.000010 0.167809 0.832181
0.085646 0.412281 0.502074
0.000010 0.154552 0.845438
