0.411675 0.585980 0.000010 0.002325 0.000010
0.999960 0.000010 0.000010 0.000010 0.000010
0.000010 0.999960 0.000010 0.000010 0.000010
0.000010 0.000010 0.115283 0.000010 0.884687
0.393901 0.254916 0.217945 0.000010 0.133227
0.375355 0.301880 0.218816 0.017891 0.086058
0.999960 0.000010 0.000010 0.000010 0.000010
0.952713 0.000010 0.000010 0.047257 0.000010
0.000010 0.128406 0.451291 0.000010 0.420283
0.000010 0.000010 0.999960 0.000010 0.000010
0.972630 0.000010 0.027340 0.000010 0.000010
0.220042 0.404395 0.282369 0.041848 0.051347
0.177313 0.345044 0.239384 0.038183 0.200076
0.333450 0.666511 0.000010 0.000020 0.000010
0.999960 0.000010 0.000010 0.000010 0.000010
0.475063 0.296636 0.176128 0.032519 0.019654
0.976897 0.000010 0.006174 0.016909 0.000010
0.589766 0.308326 0.062023 0.015259 0.024625
0.508694 0.491276 0.000010 0.000010 0.000010
0.000010 0.686777 0.096766 0.027160 0.189288
0.574893 0.365745 0.032966 0.000010 0.026386
0.243613 0.363942 0.257746 0.057787 0.076913
0.992747 0.000010 0.000010 0.007223 0.000010
0.290030 0.535024 0.152145 0.000010 0.022791
0.180840 0.000010 0.241874 0.000010 0.577266
0.246565 0.004103 0.201174 0.000010 0.548149
0.999960 0.000010 0.000010 0.000010 0.000010
0.930125 0.000010 0.015048 0.026702 0.028116
0.259672 0.013606 0.465337 0.000010 0.261375
0.105505 0.343706 0.109993 0.014115 0.426682
0.000010 0.000010 0.469091 0.000010 0.530879
0.978178 0.000010 0.019842 0.001960 0.000010
0.282027 0.384685 0.328331 0.004947 0.000010
0.040833 0.801468 0.049138 0.009249 0.099311
0.000010 0.000010 0.199555 0.000010 0.800415
0.137090 0.184024 0.000010 0.035615 0.643262
0.000010 0.000010 0.346277 0.000010 0.653693
0.999960 0.000010 0.000010 0.000010 0.000010
0.000010 0.468308 0.062373 0.000010 0.469298
0.999960 0.000010 0.000010 0.000010 0.000010
0.000010 0.000010 0.999960 0.000010 0.000010
0.966326 0.015345 0.010023 0.000010 0.008296
0.370345 0.629625 0.000010 0.000010 0.000010
0.969038 0.000010 0.014845 0.000010 0.016097
0.000010 0.000010 0.999960 0.000010 0.000010
0.000010 0.000010 0.000010 0.000010 0.999960
0.855342 0.000010 0.113527 0.017442 0.013679
0.919921 0.032131 0.025052 0.022886 0.000010
0.253575 0.000010 0.746395 0.000010 0.000010
0.016798 0.000010 0.000010 0.000010 0.983172
0.000010 0.000010 0.000010 0.000010 0.999960
0.999960 0.000010 0.000010 0.000010 0.000010
0.183728 0.018954 0.648134 0.000010 0.149174
0.000010 0.000010 0.107331 0.000010 0.892639
0.287726 0.000010 0.232171 0.010487 0.469605
0.000010 0.591290 0.032469 0.000010 0.376221
0.000010 0.023437 0.192543 0.006674 0.777336
0.229302 0.369130 0.318682 0.082876 0.000010
0.000010 0.875266 0.000010 0.020093 0.104620
0.012764 0.430140 0.081347 0.000010 0.475739
0.378307 0.317502 0.193028 0.020588 0.090575
0.007135 0.750240 0.000010 0.015504 0.227110
0.996714 0.000010 0.000010 0.003256 0.000010
0.000010 0.000010 0.396863 0.000010 0.603107
0.071925 0.394309 0.097958 0.003851 0.431957
0.854007 0.000010 0.127656 0.009512 0.008815
0.976526 0.000010 0.000010 0.023444 0.000010
0.760500 0.146165 0.093314 0.000010 0.000010
0.936665 0.021240 0.042075 0.000010 0.000010
0.357209 0.642761 0.000010 0.000010 0.000010
0.435340 0.491556 0.073084 0.000010 0.000010
0.175028 0.307601 0.189631 0.038659 0.289081
0.181456 0.117964 0.149518 0.003983 0.547079
0.996084 0.000010 0.000010 0.000010 0.003886
0.641385 0.310627 0.019450 0.000010 0.028529
0.999960 0.000010 0.000010 0.000010 0.000010
0.000010 0.000010 0.330054 0.000010 0.669916
0.007782 0.000010 0.086483 0.001520 0.904205
0.522123 0.262107 0.215205 0.000555 0.000010
0.996522 0.000010 0.000010 0.000010 0.003448
0.000010 0.422422 0.105489 0.009345 0.462734
0.190904 0.126257 0.093728 0.001862 0.587248
0.000010 0.999960 0.000010 0.000010 0.000010
0.000010 0.716171 0.058522 0.000010 0.225288
0.584508 0.242081 0.107508 0.000010 0.065893
0.024555 0.006339 0.000010 0.000010 0.969086
0.000039 0.380272 0.042214 0.000010 0.577464
0.955966 0.000010 0.043944 0.000071 0.000010
0.048069 0.237248 0.018659 0.000010 0.696014
0.064032 0.000010 0.755055 0.000010 0.180894
0.999960 0.000010 0.000010 0.000010 0.000010
0.000010 0.056334 0.057946 0.000010 0.885700
0.064860 0.009598 0.616690 0.000010 0.308842
0.211387 0.108270 0.031737 0.014808 0.633799
0.000010 0.000010 0.000010 0.000010 0.999960
0.955870 0.000010 0.044100 0.000010 0.000010
0.989027 0.000010 0.000010 0.010943 0.000010
0.279750 0.000010 0.720220 0.000010 0.000010
0.000010 0.000010 0.000010 0.000010 0.999960
0.000010 0.000010 0.000010 0.000010 0.999960
0.999960 0.000010 0.000010 0.000010 0.000010
0.000010 0.224478 0.105402 0.000010 0.670100
0.027295 0.337452 0.000010 0.000010 0.635232
0.015579 0.087591 0.058052 0.000010 0.838768
0.077623 0.019157 0.428566 0.000010 0.474643
0.000010 0.000010 0.000010 0.003512 0.996458
0.128359 0.628801 0.167550 0.011281 0.064009
0.000010 0.186516 0.326257 0.000010 0.487207
0.007302 0.155130 0.000010 0.009480 0.828078
0.000010 0.000010 0.073307 0.000010 0.926663
0.002085 0.347742 0.071890 0.004712 0.573571
0.000010 0.214036 0.305982 0.000010 0.479963
0.010477 0.064459 0.086351 0.008755 0.829958
0.040230 0.676884 0.027396 0.028484 0.227007
0.004785 0.020231 0.000010 0.000010 0.974964
0.000010 0.000010 0.018209 0.000010 0.981761
0.000010 0.489019 0.000010 0.000010 0.510951
0.796761 0.000010 0.102743 0.014120 0.086366
0.106330 0.334734 0.079157 0.000010 0.479770
0.000010 0.000010 0.033640 0.000010 0.966330
0.999960 0.000010 0.000010 0.000010 0.000010
0.000010 0.879618 0.000010 0.032026 0.088336
0.000011 0.000010 0.124381 0.000010 0.875588
0.000010 0.000010 0.408540 0.002233 0.589207
0.949101 0.000010 0.022097 0.000010 0.028782
0.000010 0.000010 0.912447 0.000010 0.087523
0.490398 0.000010 0.498898 0.000010 0.010684
0.991792 0.000010 0.008178 0.000010 0.000010
0.000010 0.642736 0.106454 0.000010 0.250790
0.137360 0.148035 0.183445 0.000010 0.531150
0.177966 0.000010 0.763432 0.000010 0.058582
0.972661 0.000010 0.000010 0.009050 0.018269
0.010523 0.542737 0.185546 0.033292 0.227902
0.999960 0.000010 0.000010 0.000010 0.000010
0.093914 0.456092 0.089831 0.002162 0.358001
0.252453 0.488748 0.231443 0.022756 0.004600
0.232412 0.351812 0.295369 0.065281 0.055127
0.513992 0.369462 0.044618 0.001168 0.070760
0.999960 0.000010 0.000010 0.000010 0.000010
0.347271 0.652699 0.000010 0.000010 0.000010
0.000010 0.000010 0.000010 0.000010 0.999960
0.000010 0.000010 0.460521 0.000010 0.539449
0.983838 0.016132 0.000010 0.000010 0.000010
0.911268 0.000010 0.065340 0.000010 0.023372
0.187800 0.319885 0.095112 0.000010 0.397193
0.999960 0.000010 0.000010 0.000010 0.000010
0.000010 0.000010 0.309942 0.000010 0.690028
0.000010 0.000010 0.999960 0.000010 0.000010
0.000010 0.497220 0.079237 0.000010 0.423523
0.983881 0.000010 0.000010 0.016089 0.000010
0.010712 0.466783 0.006926 0.004128 0.511450
0.999960 0.000010 0.000010 0.000010 0.000010
0.999960 0.000010 0.000010 0.000010 0.000010
0.000452 0.514641 0.061416 0.005141 0.418349
0.997086 0.000010 0.000010 0.002884 0.000010
0.019466 0.143761 0.052857 0.042405 0.741512
0.000010 0.008143 0.000010 0.000010 0.991827
0.999960 0.000010 0.000010 0.000010 0.000010
0.000010 0.000010 0.126383 0.000010 0.873587
0.000010 0.000010 0.999960 0.000010 0.000010
0.980328 0.000010 0.000010 0.019642 0.000010
0.000010 0.000010 0.000010 0.999960 0.000010
0.000010 0.000010 0.000010 0.999960 0.000010
0.000010 0.206459 0.000010 0.793511 0.000010
0.000010 0.000010 0.000010 0.999960 0.000010
