0.412782 0.000010 0.587208
0.999980 0.000010 0.000010
0.000010 0.000010 0.999980
0.000010 0.999980 0.000010
0.429358 0.313439 0.257203
0.426101 0.266899 0.307000
0.999980 0.000010 0.000010
0.999980 0.000010 0.000010
0.041907 0.813690 0.144403
0.196816 0.803174 0.000010
0.988754 0.011236 0.000010
0.308053 0.277616 0.414331
0.241035 0.400621 0.358344
0.335247 0.000010 0.664743
0.999980 0.000010 0.000010
0.533945 0.161517 0.304538
0.999980 0.000010 0.000010
0.616664 0.070599 0.312737
0.508343 0.000010 0.491647
0.000010 0.282280 0.717710
0.580289 0.051603 0.368108
0.335977 0.282924 0.381099
0.999980 0.000010 0.000010
0.317380 0.139293 0.543326
0.212076 0.787914 0.000010
0.269150 0.725590 0.005260
0.999980 0.000010 0.000010
0.957724 0.042266 0.000010
0.341408 0.643212 0.015379
0.122245 0.528641 0.349114
0.055184 0.944806 0.000010
0.983691 0.016299 0.000010
0.345857 0.265148 0.388996
0.047060 0.142821 0.810119
0.000010 0.999980 0.000010
0.144768 0.642880 0.212352
0.023934 0.976056 0.000010
0.999980 0.000010 0.000010
0.000010 0.535602 0.464388
0.999980 0.000010 0.000010
0.168868 0.831122 0.000010
0.969003 0.018447 0.012550
0.371050 0.000010 0.628940
0.971607 0.028383 0.000010
0.218996 0.780994 0.000010
0.000010 0.999980 0.000010
0.894540 0.105450 0.000010
0.943349 0.020024 0.036627
0.387530 0.612460 0.000010
0.000010 0.999980 0.000010
0.000010 0.999980 0.000010
0.999980 0.000010 0.000010
0.315401 0.666819 0.017779
0.000010 0.999980 0.000010
0.329506 0.670484 0.000010
0.000010 0.414568 0.585422
0.002535 0.954207 0.043259
0.347013 0.259166 0.393821
0.000010 0.106636 0.893354
0.010111 0.556738 0.433151
0.426593 0.248916 0.324491
0.003351 0.227310 0.769340
0.999980 0.000010 0.000010
0.001167 0.998823 0.000010
0.078619 0.526163 0.395218
0.899604 0.100386 0.000010
0.999980 0.000010 0.000010
0.786751 0.056678 0.156571
0.950969 0.022361 0.026671
0.359369 0.000010 0.640621
0.449125 0.056027 0.494847
0.229595 0.449621 0.320784
0.196608 0.684845 0.118547
0.994257 0.005733 0.000010
0.646107 0.044420 0.309473
0.999980 0.000010 0.000010
0.000010 0.999980 0.000010
0.010382 0.989608 0.000010
0.564485 0.166339 0.269177
0.999980 0.000010 0.000010
0.000010 0.565764 0.434226
0.189206 0.678403 0.132391
0.000010 0.000010 0.999980
0.000010 0.278774 0.721216
0.604409 0.155287 0.240304
0.000010 0.970565 0.029425
0.000010 0.622376 0.377614
0.973470 0.026520 0.000010
0.032481 0.726933 0.240585
0.200996 0.798994 0.000010
0.999980 0.000010 0.000010
0.000010 0.943363 0.056627
0.171695 0.820038 0.008266
0.210886 0.676827 0.112287
0.000010 0.999980 0.000010
0.978142 0.021848 0.000010
0.999980 0.000010 0.000010
0.444121 0.555869 0.000010
0.000010 0.999980 0.000010
0.000010 0.999980 0.000010
0.999980 0.000010 0.000010
0.000010 0.775668 0.224322
0.007619 0.648691 0.343690
0.005569 0.899969 0.094462
0.142319 0.836529 0.021153
0.000010 0.997227 0.002763
0.161859 0.202677 0.635464
0.003200 0.778244 0.218556
0.000010 0.838885 0.161105
0.000010 0.999980 0.000010
0.000645 0.648108 0.351246
0.000010 0.754996 0.244994
0.009903 0.915417 0.074680
0.052358 0.258838 0.688804
0.000010 0.971258 0.028732
0.000010 0.999980 0.000010
0.000010 0.511107 0.488883
0.830445 0.169545 0.000010
0.104611 0.561394 0.333996
0.000010 0.999980 0.000010
0.999980 0.000010 0.000010
0.000010 0.082719 0.917271
0.000010 0.999980 0.000010
0.033848 0.943553 0.022599
0.954919 0.045071 0.000010
0.154624 0.845366 0.000010
0.591643 0.408347 0.000010
0.999980 0.000010 0.000010
0.000010 0.352218 0.647772
0.154375 0.696484 0.149141
0.318871 0.681119 0.000010
0.984161 0.015829 0.000010
0.061013 0.385360 0.553627
0.999980 0.000010 0.000010
0.097883 0.442254 0.459863
0.311796 0.193520 0.494684
0.340546 0.293432 0.366022
0.523323 0.106313 0.370364
0.999980 0.000010 0.000010
0.348648 0.000010 0.651342
0.000010 0.999980 0.000010
0.020943 0.979047 0.000010
0.981946 0.000010 0.018044
0.923346 0.076644 0.000010
0.189603 0.485896 0.324500
0.999980 0.000010 0.000010
0.000010 0.999980 0.000010
0.181455 0.818535 0.000010
0.000010 0.504579 0.495411
0.999980 0.000010 0.000010
0.000010 0.533088 0.466902
0.999980 0.000010 0.000010
0.999980 0.000010 0.000010
0.000010 0.481420 0.518570
0.999980 0.000010 0.000010
0.043772 0.798400 0.157828
0.000010 0.999980 0.000010
0.999980 0.000010 0.000010
0.000010 0.999980 0.000010
0.179046 0.820944 0.000010
0.999980 0.000010 0.000010
0.515601 0.082329 0.402069
0.832177 0.000010 0.167813
0.502072 0.085645 0.412283
0.845435 0.000010 0.154555
